1.39934
1.40411
1.3922
1.40878
1.4164
1.41293
1.39339
1.407
1.38951
1.40928
1.3926
1.41054
1.41575
1.41055
1.376
1.38979
1.36802
1.41066
1.37385
1.38955
0.815203
0.802757
0.793969
0.802998
0.81559
0.804978
0.792385
0.803305
0.790206
0.800245
0.789476
0.800764
0.792586
0.801758
0.792226
0.799604
0.799119
0.796494
0.813939
0.797187
0.890092
0.893195
0.894599
0.896464
0.886239
0.895432
0.885124
0.886935
0.888695
0.894496
0.89185
0.898191
0.896133
0.898195
0.891364
0.886268
0.903649
0.892787
0.908707
0.89746
0.535798
0.531024
0.549478
0.536983
0.542887
0.56265
0.526517
0.554815
0.537264
0.625849
0.658512
0.665833
0.670384
0.685352
0.663779
0.66871
0.677071
0.663967
0.669889
0.687181
0.666466
0.663723
0.667375
0.657293
0.665869
0.664839
0.671749
0.709083
0.658135
0.66571
0.680449
0.665977
0.661469
0.674316
0.679118
0.663088
0.661688
0.663866
0.671767
0.664039
0.665901
0.688315
0.668653
0.661572
0.682117
0.672983
0.688479
0.678089
0.673731
0.666095
0.710844
0.663339
0.658185
0.689365
0.66594
0.660974
0.678497
0.665719
0.683731
0.667422
0.686728
0.654508
0.68374
0.668668
0.661056
0.679061
0.676334
0.69304
0.669166
0.681078
0.663749
0.668764
0.667635
0.672167
0.66856
0.674363
0.680561
0.669838
0.670217
0.67171
0.67266
0.677105
0.661113
0.682369
0.673529
0.675474
0.685894
0.657745
0.658523
0.686666
0.667254
0.665752
0.676467
0.678392
0.666377
0.689896
0.68329
0.652281
0.665177
0.669307
2.21e-08
1.84e-08
1.85e-08
1.87e-08
1.87e-08
1.84e-08
1.86e-08
1.84e-08
1.85e-08
1.85e-08
1.83e-08
1.84e-08
1.86e-08
1.89e-08
1.81e-08
1.95e-08
1.89e-08
1.89e-08
1.81e-08
1.87e-08
1.81e-08
1.91e-08
1.88e-08
1.86e-08
1.84e-08
1.87e-08
